Year	RSDN(1)_Night=0	RSUP(1)_Night=0	RLDN(1)	RLUP(1)	RNET(1)	PPT(1)	NEE 	GPP	RE 	ET	H	LE	 T_AIR(1)	T_SOIL
2010	3426.55	181.2406486	10146.29437	13411.8743	-20.27057522	0	-1.2627023	2.100459	0.837757	0.289457	1587.9053	392.3755969	-11.63385292	-1.995239345
2010	2052.8	146.4881723	12455.12568	14751.49979	-390.0622742	0	0.4322539	1.17983	1.612084	0.323242	-887.7929119	438.1727031	-4.472380771	-1.096119583
2010	5570.36	428.7453204	9739.314899	13762.40771	1118.521865	0	-1.3997698	2.432862	1.033092	0.53321	1412.596494	722.7954738	-9.325577292	-1.359341667
2010	1203.78	295.586169	13066.86225	14221.51258	-246.4564963	0	0.7764184	0.468906	1.245325	0.104664	-76.68333253	141.8772739	-7.278815417	-1.151249375
2010	5013.03	1086.676449	12273.24149	13185.66504	3013.93	0	-1.6456754	2.444059	0.798384	0.819084	-398.919405	1110.313863	-11.49118208	-0.93562625
2010	5814.94	1097.686749	10247.03146	12539.58679	2424.697923	0	-1.7717959	2.298548	0.526752	0.726729	990.2889915	985.1208649	-15.11218521	-1.469991667
2010	5626.48	903.7709139	8803.111952	12788.23566	737.5853774	0	-2.2403352	2.865009	0.624674	0.411744	1307.137925	558.1419074	-13.91643146	-2.2941125
2010	5191.02	716.5320792	9295.813997	13290.8307	479.4712138	0	-1.5968875	2.485448	0.88856	0.36096	1158.179776	489.3017618	-11.17297479	-2.34245
2010	2354.15	240.3036928	12142.53552	13942.28306	314.0987652	0	-0.1755286	1.351358	1.175829	0.254291	174.9973755	344.7054852	-8.308148333	-2.06745625
2010	3831.78	477.4667333	11797.88155	14545.94532	606.2494977	0	-0.8461595	2.389585	1.543425	0.246523	635.4043372	334.1758286	-5.203742875	-1.306058333
2010	3987.97	430.1299346	10478.32136	14133.82495	-97.66352544	0	-0.8061051	2.095823	1.289718	0.351709	439.0398126	476.7609045	-7.253256042	-1.471395833
2010	5953.09	644.0461656	8713.878005	13305.13896	717.7828757	0	-2.0166921	2.845719	0.829027	0.469617	1435.138476	636.5919943	-11.20577146	-1.999608333
2010	6212.73	667.3111737	7924.575203	12615.99433	853.9996994	0	-1.6487541	2.144155	0.495401	0.394452	2355.43223	534.7019497	-15.0354	-2.995025
2010	5962.53	506.9901323	9120.887037	13015.96385	1560.463058	0	-1.2921141	2.010297	0.718183	0.289862	2661.527607	392.924114	-13.39188917	-3.358575
2010	4964.28	411.6708131	10891.30161	14212.92848	1230.982315	0	-0.2683044	1.606856	1.338552	0.491749	1288.512929	666.5930904	-6.984545802	-2.404660417
2010	6160.05	525.4841015	9417.105458	13722.01423	1329.657126	0	-0.6621709	1.752216	1.090045	0.412349	2367.773843	558.962164	-9.188589167	-2.640835417
2010	5802.78	443.3737582	10047.62583	14147.28628	1259.745792	0	-0.4094734	1.777405	1.367932	0.245724	1757.599205	333.0930133	-7.013220333	-2.594264583
2010	1776.71	45.73189981	13204.44008	15029.69124	-94.27306901	0	1.1759641	0.658971	1.834935	0.074258	686.6673277	100.6609393	-3.288721035	-1.784075
2010	4790.7	298.6483884	13182.12997	15779.23981	1894.941768	11.5	-0.3810494	2.847615	2.466565	0.315061	912.2482807	427.0827566	0.716671377	-1.03138125
2010	552.08	4.454162496	16133.63874	16512.54652	168.7180569	9	2.4581333	0.613457	3.07159	0.119495	-1181.298001	161.981794	4.424946875	-0.326669375
2010	6322.96	503.3987703	11085.68053	15095.85704	1809.38472	1	-0.5199058	2.434711	1.914806	0.805239	2223.396412	1091.54568	-2.617459494	-0.239805625
2010	6261.67	479.989903	9164.728266	14005.92184	940.4865207	0	-0.1680427	1.330786	1.162744	0.469031	2943.919901	635.7971502	-8.07640125	-0.752593333
2010	6760.21	501.7336722	8956.947087	13989.49593	1225.927485	0	-0.8356321	2.03514	1.199508	0.335406	3419.40165	454.661462	-8.0712525	-1.862747917
2010	4949.36	316.7648791	12101.94023	15165.68279	1568.852563	0	-0.5502874	2.497744	1.947456	0.198851	1455.855853	269.5530523	-2.523436667	-1.448423542
2010	6562.6	541.5390865	10421.18757	15141.95653	1300.291951	0	0.3945509	1.558438	1.952989	0.344861	2681.298279	467.4777016	-2.282965792	-0.72506375
2010	6461.56	450.7978216	9394.67865	14198.27501	1207.165821	0	-0.3903895	1.69965	1.30926	0.214673	2339.764272	291.0005956	-7.237320179	-1.860439583
2010	3814.69	230.4804553	12421.64286	15071.40926	934.4431396	0	-0.0659106	1.92354	1.85763	0.229681	911.1949573	311.3450619	-2.995178708	-1.548136667
2010	5054.74	339.5844203	12062.72082	15542.06002	1235.816377	2.5	-1.1414497	3.351527	2.210078	0.694849	434.2207614	941.9064649	-0.39004035	-0.503846875
2010	4185.55	259.3874384	10912.88454	14713.75975	125.2873548	0	-0.5287387	2.157018	1.628279	0.377427	1243.670468	511.6235927	-4.656404815	-1.321583333
2010	3874.84	218.7509425	11824.6083	15452.99721	27.70015048	0	0.3046556	1.83395	2.138606	0.086285	995.8730621	116.9636421	-0.806553583	-0.857863542
2010	1561.67	16.94833101	12515.74417	15335.71923	-1275.25339	0	0.653001	1.343942	1.996943	0.126411	349.1317877	171.3577204	-1.636024733	-0.77666125
2010	4717.77	227.9990502	12058.20385	15704.8085	843.1663028	0	-0.3087769	2.590424	2.281648	0.244477	631.2255855	331.4015411	0.214726779	-0.55763375
2010	7617	578.9245382	8867.645778	14386.68855	1519.032687	0	-1.1126195	2.478839	1.366219	0.490226	3230.007001	664.5282863	-6.079227917	-1.13892625
2010	7757.24	575.9418188	8536.508606	13587.66804	2130.138743	0	-1.6848786	2.589534	0.904656	0.367068	3855.093827	497.5810972	-10.24612292	-2.661952083
2010	6445.97	462.751658	9872.564763	14274.31285	1581.470255	0	-0.4386707	1.736929	1.298258	0.278571	3381.76064	377.6191388	-6.853976875	-2.706839583
2010	7774.19	570.3280092	8967.32032	14203.56132	1967.620992	0	-1.5269203	2.806679	1.279759	0.360135	4006.020144	488.1831464	-6.796407708	-2.63129375
2010	7931.56	532.3689392	8994.439911	14261.54633	2132.084646	0	-1.5637781	2.896106	1.332328	0.334755	3282.521348	453.7786913	-6.683851708	-2.91336875
2010	6089.01	376.3991165	11453.64649	15080.66703	2085.590339	0	0.2151983	1.6573	1.872498	0.330339	2467.998303	447.7923147	-2.688815604	-2.444408333
2010	883.62	11.08967462	15022.99726	16111.62534	-216.0977512	0	1.6626183	0.786977	2.449595	0.122968	392.9845967	166.6893088	1.876988727	-0.94743375
2010	762.46	10.5644704	14952.30692	15973.81872	-269.616269	7	1.6094235	0.482772	2.092196	0.171933	-174.0777526	233.0640781	-0.295951631	-0.5389
2010	970.32	4.218216466	14797.17872	16163.05527	-399.7747617	1	1.3555802	0.915647	2.271227	0.310537	-843.4900944	420.9505085	1.032731821	-0.315235208
2010	2334.48	211.7419055	13862.77076	15655.39316	330.1156872	2.5	0.4608157	1.627041	2.087857	0.785455	-717.4802271	1064.7283	0.15991254	-0.268563542
2010	3442.37	115.0492946	13801.61718	15460.23154	1668.706346	0.5	-0.5910772	2.429896	1.838819	0.6289	809.315216	852.5088361	-1.375839431	-0.242987708
2010	4310.24	726.4314404	12170.80603	14937.81383	816.8007552	0	-0.9115915	2.484862	1.573271	0.628811	-141.1286505	852.3877819	-3.197077229	-0.282671458
2010	4847.11	572.2503654	11206.5464	14597.42366	883.98237	0	-1.8412001	3.188493	1.347293	0.735828	1035.097946	997.4557786	-4.978765625	-0.7048325
2010	5812.35	517.9858494	10478.49255	14600.27383	1172.582871	0	-1.1790025	2.525382	1.346379	0.842107	1506.369043	1141.523405	-4.756740042	-1.134390208
2010	8726.75	664.4408432	9324.416891	14382.06949	3004.656558	0.5	-1.1043836	2.31219	1.207806	0.639593	3862.981496	867.0039558	-5.927813667	-1.68376875
2010	4743.98	239.7532462	10790.11101	14438.5257	855.8120627	0	-0.9500902	2.122049	1.171959	0.284671	1876.923328	385.8866779	-6.213363833	-2.236864583
2010	8792.54	672.2713328	11055.8782	14823.34347	4352.803397	0	-0.5827822	1.946932	1.36415	0.617714	4918.28049	837.3457813	-3.95033875	-1.4549875
2010	8232.74	542.6368147	10834.45694	14872.18038	3652.379744	0	-0.6855928	2.068429	1.382836	0.533784	4533.688278	723.5737378	-3.780127917	-1.885239583
2010	7555.99	439.2237584	11065.12173	15498.27611	2683.611861	0	-0.9004585	2.674034	1.773575	0.328874	3457.883891	445.8071416	-0.432803688	-1.38749125
2010	7198.89	449.3397574	11752.19817	15928.71698	2573.031429	0	-0.2481522	2.244952	1.9968	0.474176	2273.885742	642.7724579	1.691177292	-0.778411875
2010	5365.2	289.3842704	13394.86792	16395.26352	2075.420129	0	-0.3077221	2.539709	2.231987	0.415914	1696.506678	563.7950475	3.885786029	-0.368303125
2010	8567.24	515.3682498	12040.60527	16539.45354	3553.023485	0	-0.3560066	2.681821	2.325814	0.690691	2908.062273	936.2704974	4.64200715	-0.279090208
2010	6879.54	377.6684399	14033.73304	17471.48444	3064.120164	0	0.9337891	1.909341	2.84313	0.756525	2572.532365	1025.512207	8.903945354	-0.195142708
2010	527.38	6.345472607	17444.37812	18231.63253	-266.2198853	25.5	2.4188456	0.779578	3.198423	0.2542	-980.5789323	344.5826578	12.11925208	0.099121458
2010	8029	362.0395251	14689.49335	17917.00471	4439.449119	0.5	-1.1991444	4.13186	2.932716	0.938706	1598.803461	1272.467854	10.61576104	0.689215625
2010	5375.08	262.9815978	14794.14166	17091.81333	2814.42674	0	-1.1982465	3.515294	2.317048	0.320761	1745.530687	434.8094107	6.388406875	0.730979167
2010	4535.75	225.1816041	14799.33791	16851.68757	2258.218735	0	-2.5307055	4.728516	2.197811	0.474758	1730.282883	643.5603094	5.365675208	0.84273375
2010	1576.88	59.40675224	14640.05274	15993.92208	163.6039049	12.5	0.1684387	1.590582	1.759021	0.41195	-180.7220276	558.4211147	1.687593292	0.419675625
2010	1692.56	12.8571909	13673.63515	15902.27351	-548.9355478	0	-0.6809025	2.376105	1.695203	0.196743	97.95802781	266.6964824	1.055777644	0.132478125
2010	9512.61	524.2827461	11677.12332	15992.68618	4672.764399	0	-1.8324662	3.633453	1.800987	0.546723	3636.648001	741.1140607	1.672592417	0.009650625
2010	2232.38	56.45243744	15158.42856	16431.3367	903.0194286	1.5	-0.581016	2.606603	2.025587	0.205532	373.4965685	278.6095907	3.727744167	0.693933958
2010	4325.48	155.4130232	15106.69218	16783.72839	2493.030765	0	-1.7647078	3.974949	2.210241	0.891994	690.8260965	1209.147655	5.103393333	1.590936458
2010	5977.67	291.2574549	13669.8603	16700.18054	2656.092308	0	-2.6683805	4.8561	2.187719	0.612505	1647.567543	830.2841154	4.835599688	2.196658333
2010	5160.78	261.8979264	13376.4166	16328.39342	1946.905255	0	-1.0681231	3.062802	1.994679	0.396495	1081.779661	537.4712362	3.262983333	2.042920833
2010	5967.58	336.6427648	12809.80742	16085.36462	2355.380036	0	-1.2946418	3.166769	1.872128	0.379269	1597.734161	514.1208323	2.170387517	1.384203125
2010	4418.74	171.4587029	13558.37671	15927.51292	1878.145088	0	-2.3293873	4.088514	1.759127	0.448582	2021.191221	608.0782437	1.173951192	1.299190417
2010	5772.51	1411.688923	13457.71203	15219.70322	2598.829882	0	-2.1907286	3.555798	1.365069	0.959192	1140.132145	1300.238373	-2.147294577	0.839864792
2010	7975.11	849.5836518	12148.4678	15518.8527	3755.141447	6.5	-2.548045	4.149941	1.601896	1.403107	-107.2882307	1901.98941	0.073634542	0.6404325
2010	1260.15	50.34581782	14155.64508	16517.88385	-1152.434594	6.5	0.5873061	1.501274	2.08858	0.468915	-1533.036689	635.6398299	4.581068467	0.853788542
2010	11024.46	611.4544901	10994.55272	15798.08455	5609.473681	0	-4.0999495	5.740141	1.640192	0.847874	4866.030507	1149.340928	0.901397073	0.809411875
2010	5854.61	288.5185828	13922.60119	16587.46232	2901.230284	6	-1.6280985	3.69171	2.063611	0.48344	1864.866315	655.3299921	4.626051375	1.305412292
2010	2310.21	80.23907754	15383.43083	17399.42625	213.9755021	14.5	-0.3544707	2.863735	2.509264	1.403541	-3089.761216	1902.577243	8.331794375	4.345039583
2010	10845.45	728.2282222	10804.09367	15649.85232	5271.463135	0	-4.1747881	5.732745	1.557957	1.324378	4528.024717	1795.268573	0.18463425	2.245747917
2010	6081.15	312.8537619	12190.84241	15290.86104	2668.277608	0	-2.4937751	3.841217	1.347442	0.442061	2686.876837	599.2380033	-1.982516063	0.872902292
2010	11935.24	717.0725758	11112.5351	15577.25322	6753.449313	0	-2.5518687	4.094549	1.542681	1.174084	5649.696446	1591.536002	-0.309068	0.780322708
2010	7239.36	408.761419	12886.51296	15949.09946	3768.012087	0	-1.3076422	3.07935	1.771708	0.269791	3434.930927	365.7170985	1.328463729	0.829533125
2010	541.78	16.07614683	15841.34091	17050.44946	-683.4046954	0	1.8361533	0.604658	2.440811	0.460076	-332.8411055	623.6589175	6.644431458	2.8538625
2010	11058.89	744.0015453	11576.81718	16041.99519	5849.710443	0	-5.0184371	6.920667	1.902229	1.683022	4970.045776	2281.430291	1.983174763	2.362983333
2010	1887.45	46.98689743	13840.35785	15686.86208	-6.041124934	0	-0.7937067	2.484446	1.690739	0.232923	108.6261934	315.740444	-0.053622598	1.781814583
2010	7884.92	368.7720222	13649.29955	16447.8545	4717.593028	6	-3.6203164	5.833034	2.212718	1.321526	1618.547531	1791.402536	3.630139115	2.470475
2010	8779.93	394.8118004	13131.23695	17110.81187	4405.543275	0	-3.5138525	6.273972	2.76012	1.047687	1763.144606	1420.197317	7.125083854	3.3043625
2010	4237.32	206.1516629	13692.76256	16615.09608	1108.834819	0	-1.3479183	3.73088	2.382961	0.643951	-122.8156815	872.9108802	4.63816724	3.907658333
2010	8710.32	543.5120458	11698.31331	15719.20791	4145.913354	0	-2.6324967	4.464933	1.832436	0.686793	4064.411773	930.9856605	0.454017083	1.96058125
2010	2606.84	84.16045076	14353.37273	16366.13737	509.9149137	0	-0.8993827	3.104288	2.204906	0.232749	146.960556	315.5048521	3.445130854	2.715633333
2010	11896.92	688.6010709	12365.38467	16384.66334	7189.04026	0	-4.9454811	7.204203	2.258722	1.5177	5304.337654	2057.326856	3.7742935	2.71689375
2010	11723.79	613.7445785	11978.30984	16505.93092	6582.424344	0	-4.5401379	6.879064	2.338926	1.485149	4544.977624	2013.202497	4.21885554	2.6537375
2010	8684.97	413.7507428	13523.80056	17082.5228	4712.497023	0	-3.1835755	5.71185	2.528275	1.039892	1776.713798	1409.631206	5.448382875	3.303052083
2010	1620.03	13.49310829	16008.45485	17042.42409	572.5676583	7.5	0.0662642	2.599531	2.665795	0.387463	-456.3579641	525.2273666	6.449004375	4.57218125
2010	817.78	0.758950265	15241.22785	16873.95567	-815.7067685	1	1.5184093	1.207416	2.725825	0.313722	-1031.243891	425.2680054	6.649552292	5.256679167
2010	12255.73	615.1585415	11636.58802	16548.32182	6728.837659	0	-4.9301742	7.315337	2.385162	1.379249	5414.269102	1869.648752	3.914371694	3.668677083
2010	12905.1	658.0196204	11102.43214	16436.09924	6913.413272	0	-5.4920391	7.812444	2.320405	1.501145	5555.697519	2034.885825	3.305147542	3.243566667
2010	10497.41	526.1738401	12191.23094	17034.17111	5128.295989	0	-5.0260208	7.647963	2.621943	1.4148	3253.530622	1917.839692	5.035814063	3.243427083
2010	9490.56	472.137014	13595.79549	17659.96221	4954.25626	0	-3.4995032	6.62149	3.121986	1.267954	2543.175263	1718.781647	8.205190479	4.441702083
2010	5721.98	234.9396844	14104.57067	17252.60593	2339.005055	0	-1.829799	4.904668	3.074869	0.905352	1003.80228	1227.255009	7.951192708	5.628345833
2010	13237.6	662.2079254	11638.82749	17052.47119	7161.748377	0	-6.3141303	9.107072	2.792941	2.017079	5566.870157	2734.262357	5.82388316	4.388391667
2010	12021.23	614.6861796	12140.13776	17346.43872	6200.242869	0	-5.1649197	8.090206	2.925286	1.879961	4405.411241	2548.391391	6.335947765	4.37188125
2010	12469.55	610.1906595	12898.48982	17854.71458	6903.134582	0	-5.2668448	8.619104	3.352259	2.019641	4644.110515	2737.735713	8.855039038	5.301622917
2010	1660.12	22.18166283	15706.12594	17638.79153	-294.7272504	0	0.9016183	2.468073	3.369691	0.646054	-724.0227979	875.7620142	8.988780417	6.172547917
2010	8451.43	456.9108689	14554.29011	18105.98191	4442.827335	0.5	-2.8104649	6.573106	3.762641	1.362887	2238.680101	1847.469314	10.99912333	6.757952083
2010	5597.32	226.4888656	16078.70796	17994.56669	3454.972407	4.5	-1.1897109	4.969344	3.779633	0.869795	606.5528445	1179.055638	10.97967167	7.49084375
2010	9140.66	459.2184627	13452.63508	16545.98945	5588.087158	3	-3.0005976	5.683915	2.683318	0.810631	4981.741195	1098.855347	4.249612083	6.021658333
2010	8586.04	451.4036424	12177.37938	16233.45273	4078.56301	0	-3.7711761	6.29496	2.523784	0.945838	4300.638487	1282.136114	3.067235915	3.897502083
2010	13741.53	688.9616148	11583.33832	16929.48386	7706.422841	0	-5.976158	8.830162	2.854004	2.18079	6378.512484	2956.181965	4.740565156	3.874183333
2010	13152.28	736.6786384	11971.50063	17266.20589	7120.896107	0	-6.4651104	9.52506	3.059949	2.346179	5911.832783	3180.37598	5.863523403	4.565335417
2010	7723.54	388.9892558	13010.80224	16721.61011	3623.74287	0	-4.3929022	7.331482	2.93858	0.97053	3048.865283	1315.607443	5.030429146	4.388891667
2010	6750.81	336.0941596	14966.57736	17832.01903	3549.274176	0	-2.3263944	6.142196	3.815802	1.124821	1754.639344	1524.757133	9.833851458	5.6301875
2010	2492.6	34.65708754	16701.64542	18467.05636	692.5319768	0	0.8287195	3.584734	4.413454	0.459503	-229.2010096	622.8823174	13.03583125	7.738727083
2010	6979.38	272.3867004	16693.26998	19116.75639	4283.506893	0	-3.5287696	8.438533	4.909763	1.63418	1745.480985	2215.221744	15.35751875	9.083439583
2010	3757.87	146.0710964	16364.11803	18347.3481	1628.568832	4	0.7317549	3.62171	4.353464	0.358977	182.3815775	486.6131036	12.30435708	9.294752083
2010	3825.7	126.4047897	16238.98673	17660.31823	2277.963705	4	-0.0684207	3.87426	3.80584	1.267662	251.5687833	1718.386918	9.245285	8.428770833
2010	6842.59	270.4177709	15531.1456	17320.47028	4782.847549	3	-3.0950674	6.597637	3.50257	1.597124	1749.490215	2164.990455	7.405978542	7.578802083
2010	12839.37	735.4208827	13162.16465	17390.98524	7875.128528	0.5	-4.6348647	8.2781	3.643235	2.006788	3890.417026	2720.312688	7.810236504	6.89990625
2010	13244.7	700.9435976	13574.41566	18068.23765	8049.934412	0	-3.6257096	7.890787	4.265078	1.885166	4865.729696	2555.446929	10.85106131	7.227966667
2010	4232.86	190.5982701	16136.46424	17961.04902	2217.676951	26	-0.7418019	4.936537	4.194735	0.781683	886.4499294	1059.614293	10.51625063	8.13974375
2010	3979.27	229.8083558	15195.44274	17127.00084	1817.903546	5.5	0.0658768	3.505684	3.571561	1.015395	-1117.560978	1376.424837	7.139916458	7.841716667
2010	2468.76	95.43247039	14159.33412	16311.60926	221.0523955	11	0.7234018	2.172241	2.895643	0.516251	-359.6483801	699.8069189	3.338893119	5.476277083
2010	13800.92	753.6207951	13362.53436	17281.39127	9128.442295	0.5	-5.9271557	9.646872	3.719716	3.021298	3810.4694	4095.537316	7.545635417	5.989960417
2010	8577.44	477.4408531	14177.3377	17457.69186	4819.64499	0	-4.8690301	8.787711	3.918681	1.637658	3095.778729	2219.935811	8.45070375	6.736797917
2010	13582.65	736.8852584	13302.39853	17729.78191	8418.381363	0	-4.8076346	8.986001	4.178367	1.83309	4970.246125	2484.855884	9.401327938	6.887285417
2010	13153.45	681.2052576	14675.16863	18852.00429	8295.409086	0	-2.8321949	8.091533	5.259338	1.888409	4821.415383	2559.842813	14.45477479	8.317289583
2010	1779.24	54.77365415	17972.18884	19489.90407	206.7511173	0	2.2888803	3.59166	5.88054	0.626181	-295.996955	848.8233081	17.26087292	10.57697292
2010	4056.87	106.2963842	18105.65212	20101.59761	1954.628134	0	0.7105108	5.737513	6.448023	0.985816	-177.3017366	1336.32867	19.39487292	12.50558333
2010	8722.25	403.2526188	17102.52658	19962.14451	5459.379444	0	-0.9081935	7.307454	6.39926	1.639897	2195.212765	2222.97128	18.72033333	12.39902083
2010	4320.76	187.7181741	16965.97175	18733.81533	2365.198251	25.5	-0.1627931	5.528805	5.366012	1.564741	-184.2508243	2121.093039	13.83131292	12.9268125
2010	15064.84	860.068207	14058.07462	18628.78056	9634.065853	0	-3.4773328	8.84662	5.369287	2.880718	5384.232891	3904.973796	13.43627229	10.7792
2010	13360.06	699.9936833	14768.61126	18935.81123	8492.866346	0	-2.7594539	8.45843	5.698976	2.121916	4289.133605	2876.374825	14.52046438	10.855525
2010	11161.23	518.9026941	16245.24007	19526.98785	7360.57952	0	-1.7276527	7.999604	6.271951	1.629781	3051.630314	2209.258521	16.82411292	11.57235417
2010	13971.78	760.2808705	15648.63924	19235.68856	9624.449807	0	-3.4523001	9.489718	6.037418	2.23764	4526.00601	3033.245176	15.73261542	11.88879167
2010	4000.82	188.3715421	15183.54789	17878.90893	1117.087415	2.5	-0.9832539	5.785456	4.802202	1.033895	654.3966447	1401.502135	10.26869375	10.43278333
2010	13350.23	760.4787045	14343.84987	18279.22395	8654.377218	0	-5.2901684	10.47075	5.180581	3.156413	4425.153007	4278.693018	11.68639896	10.12095833
2010	9977.45	472.0959548	15056.14781	18625.25719	5936.244668	0	-3.8602565	9.404277	5.54402	1.933225	3022.164713	2620.593225	13.09602917	10.3579125
2010	14828.87	827.9538172	14853.68318	19206.73633	9647.863039	0	-2.4084523	8.557728	6.149276	2.663519	5284.778185	3610.547387	15.49556375	10.79024167
2010	11914.65	721.7021088	15256.52875	18870.75863	7578.71801	0	-4.8890706	10.78197	5.892899	2.701783	4479.675641	3662.417467	14.3551725	11.06441667
2010	15079.62	865.3022786	15266.14194	19475.18813	10005.27154	0	-2.0321578	8.495574	6.463416	3.129303	5856.596681	4241.943598	16.51253146	11.30596458
2010	11811.84	702.3883349	16912.97588	19900.34678	8122.080765	0	-1.1206592	8.049409	6.92875	2.897398	4391.262993	3927.583977	18.30259542	12.3575625
2010	1272.83	59.05046107	18871.08437	19342.75301	742.1109003	61	5.0583002	1.367746	6.426046	1.421312	-2233.591604	1926.666856	16.23238125	13.83539583
2010	10185.66	621.5017641	17115.24502	19569.53353	7109.869724	0.5	-3.602768	10.25458	6.651814	2.966084	1756.20263	4020.691443	16.99514167	14.34
2010	13973.9	918.579047	16066.03304	19758.05358	9363.300417	0	-3.3590916	10.26354	6.904445	3.178068	4474.282842	4308.048225	17.80776042	13.86475
2010	14032	897.6628233	16296.64366	20164.28379	9266.697043	0	-1.6442568	9.001589	7.357332	3.581375	4125.760387	4854.752481	19.44115	14.17910417
2010	4679.74	149.6723402	18026.38724	19882.74464	2673.710255	1.5	0.4922813	6.70044	7.192721	1.591242	29.35642678	2157.01639	18.71920208	14.25154167
2010	1073.39	68.55925427	17973.15962	19062.27185	-84.28148117	12	4.3351314	2.15435	6.489481	1.729782	-2770.645098	2344.815299	15.86574583	13.68441667
2010	3101.22	179.2743651	17875.59678	18438.78012	2358.762296	13	-0.9454702	6.60849	5.66302	0.532294	152.4475745	721.5543763	12.46976667	12.868
2010	3244.07	72.39620907	17444.80804	18779.2323	1837.249531	0	-2.2982653	8.263972	5.965706	0.739504	394.634534	1002.438668	13.55607708	12.63797917
2010	10103	631.6128187	16675.19935	19150.00007	6996.586463	0.5	-5.2516364	11.76129	6.509652	3.007045	1735.379914	4076.215907	15.56592083	13.078625
2010	12762.8	704.3309437	15566.68369	19192.01489	8433.137855	0	-4.868383	11.42062	6.55224	3.187729	3401.491498	4321.144251	15.52882292	12.50795833
2010	7504.95	395.6664663	16832.55461	19238.70891	4703.129233	0	-6.2834076	12.90153	6.618124	1.860723	1869.076092	2522.312844	15.72714375	13.0405
2010	9502.96	480.0556372	17365.31748	19604.23609	6783.985756	0	-4.0167793	10.99363	6.976854	1.669619	2376.550383	2263.261578	16.98402917	13.64558333
2010	11479.2	619.037346	16392.95556	19488.92857	7764.189641	0	-5.6383479	12.61057	6.972223	3.407744	3884.268006	4619.385799	16.82387708	13.51152083
2010	9056.36	499.2008985	16868.09312	19427.88541	5997.366803	0	-4.6176527	11.57108	6.953427	2.169521	1903.216148	2940.906717	16.6596375	13.55510417
2010	16511.9	949.223194	14711.08267	19532.29213	10741.46734	0	-2.2262514	9.264444	7.038192	3.564181	4805.680431	4831.446005	16.766105	13.04395833
2010	14877.88	871.2499376	15686.10106	19808.99697	9883.734158	0	-3.7298011	11.12772	7.397914	3.4723	4690.586446	4706.895501	18.00363542	13.37860417
2010	15369.01	924.4699912	16179.32903	20114.27177	10509.59726	0	-5.4062852	13.14694	7.740657	3.553487	5478.375426	4816.949025	19.23032708	14.1485625
2010	15427.69	900.1865925	16452.40335	20361.46922	10618.43754	0	-3.9200836	11.92878	8.008695	3.960262	5143.567096	5368.355569	20.15117083	14.76652083
2010	14429.2	852.0659314	17051.04295	20677.24617	9950.930849	0	-2.5402265	10.90877	8.368543	4.451381	4458.7565	6034.094245	21.40408542	15.32185417
2010	13527.78	780.1953568	17262.48877	20543.01841	9467.055003	0.5	-1.6815666	9.949107	8.26754	3.756526	4685.191152	5092.179406	20.97097708	15.77425
2010	13990.28	715.3228907	17604.53199	20900.94741	9978.541692	0.5	-1.1082001	9.720022	8.611822	3.719381	2733.150567	5041.827081	22.150475	16.00379167
2010	15875.08	846.9076302	16843.45274	20997.70065	10873.92445	0	0.2116483	8.872191	9.083839	3.993478	4258.197131	5413.381736	22.5904125	16.0450625
2010	14831.1	810.5221727	17547.94853	21120.082	10448.44436	0	0.2218114	9.340421	9.562232	3.743757	4891.972158	5074.871074	23.01524583	16.48004167
2010	12488.07	657.4273296	17793.3176	21273.01597	8350.944299	0	-1.2536294	11.39362	10.13999	4.032753	2828.249636	5466.620156	23.73129167	17.007625
2010	11233.49	596.5102904	17807.71814	21060.99748	7383.700363	0	-2.005877	12.28305	10.27717	3.688008	2257.136231	4999.299399	23.02805417	16.77264583
2010	2053.86	118.5311053	19145.29725	19601.1042	1479.521942	65	5.2262102	3.446715	8.672925	0.357156	229.0675006	484.1449942	17.12923958	16.53785417
2010	9153.13	378.9475766	19457.77	20521.32732	7710.625103	13.5	0.2801232	9.1209	9.401023	2.826227	1753.938217	3831.108159	20.46778125	17.00075
2010	4485.77	117.8833478	19498.89656	20701.78165	3165.001559	59	3.4975091	5.752968	9.250477	0.98066	279.2908307	1329.339563	21.22695208	18.34704167
2010	10749.14	517.0368784	18783.72172	21160.81604	7855.008802	0	-1.8950306	11.35912	9.464088	4.356324	1558.759445	5905.23891	23.25251667	18.78764583
2010	8666.15	449.0169755	18074.91445	20617.95981	5674.087665	0	-1.2998543	9.795954	8.496099	2.822671	1155.857159	3826.287356	21.29619167	18.50447917
2010	4935.83	156.9573471	19383.00106	20883.91551	3277.958205	0	1.1930858	7.109837	8.302923	1.523286	721.5740799	2064.898688	22.02002292	18.37414583
2010	9843.37	581.6559144	19215.88274	21188.25038	7289.346445	24.5	-0.6425535	9.213333	8.570779	3.081981	1685.148683	4177.796202	23.4779	19.2414375
2010	5408.96	200.6547388	19735.44574	20688.442	4255.308997	12	1.5773259	6.308899	7.886225	1.820301	451.3283025	2467.519153	21.35394792	19.24608333
2010	8839.93	420.0956116	18945.72239	20841.60864	6523.948143	0	-4.0764065	12.03628	7.95987	4.163042	1445.011288	5643.235029	22.09390625	19.04822917
2010	10604.69	492.2020588	17958.05271	20577.58281	7492.957846	0	-2.0298762	9.589983	7.560107	3.843447	2272.994889	5210.006263	20.98434375	18.59960417
2010	7921.8	388.9380922	17434.09161	20117.14223	4849.811283	0	-2.1092122	9.155901	7.046689	3.613898	619.8454543	4898.839972	19.37698125	17.69327083
2010	15766.39	751.9067483	16390.36367	20473.18317	10931.66375	0	-2.1395703	9.58774	7.44817	4.122648	3622.715549	5588.4779	20.46004792	17.20860417
2010	14963.83	763.0815613	16975.56393	20717.071	10459.24137	0	-3.0366903	10.86036	7.823669	3.884764	3803.323602	5266.013686	21.42513958	17.36872917
2010	13164.23	583.0379739	18228.80253	21379.44734	9430.54722	0	-1.0531841	9.631775	8.578591	4.608262	2335.703117	6246.754653	23.81129583	18.281
2010	4227.34	134.1600192	19706.69782	20975.85688	2824.020924	5	1.9654861	6.532406	8.497892	2.000051	-163.4035536	2711.180344	23.01359375	18.59622917
2010	2908.62	110.1967352	19712.76082	20500.25609	2010.927991	9	1.9202748	6.095236	8.015511	1.069048	-359.6974307	1449.15399	20.72673125	18.87089583
2010	12542.94	551.4985926	18569.03831	21095.15373	9465.325986	0	-4.0547796	12.58493	8.53015	4.795873	2567.642033	6501.071729	22.71869167	18.97039583
2010	6766.24	258.064672	18920.98364	20889.84877	4539.310199	0	-0.9727685	9.326069	8.3533	2.075592	747.2757287	2813.580127	22.17994167	19.05970833
2010	2857.37	45.98276621	19707.78437	20574.29684	1944.874761	2	1.0469564	6.975817	8.022774	1.04019	-316.3271516	1410.034912	21.06372292	18.9251875
2010	10205.24	386.5981999	19802.58753	21520.27989	8100.949436	0	-2.8150155	11.72405	8.909031	3.437878	1936.205072	4660.23452	24.46372292	19.447
2010	624.48	35.79190859	20745.51473	21221.12948	113.0733356	48	7.1113945	1.555958	8.667353	0.244079	-432.5297144	330.8623416	23.69051229	20.5823125
2010	5489.33	170.835519	20602.08414	21308.73546	4611.843152	6	0.2654578	8.44064	8.706098	1.515264	378.9829042	2054.025029	23.79068688	21.12691667
2010	12868.54	520.8223925	19721.70091	21704.96106	10364.45746	0	-2.7553587	11.85237	9.097012	4.597221	2761.137915	6231.788346	25.19854188	21.004375
2010	11404.68	526.4228907	19471.8091	21731.57379	8618.492427	0	-0.568337	9.763723	9.195385	5.322934	2060.285338	7215.532668	25.52181417	21.2958125
2010	13642.85	651.9140738	18840.74778	21521.67043	10310.01327	0	-3.4558614	12.42624	8.97038	4.873191	2932.054328	6605.881473	24.63829792	20.7613125
2010	10354.75	433.2728394	19122.27222	21335.55804	7708.191339	0	-0.1169879	8.89584	8.778852	3.971534	2122.192195	5383.635047	23.88728979	20.52177083
2010	8568.78	358.6094306	18821.57598	20942.26575	6089.480796	0	-3.6588824	11.97385	8.314966	3.2784	1663.173418	4444.052737	22.39170771	20.15102083
2010	10117.29	396.9142376	18668.15274	21083.81741	7304.71109	0	-3.7794265	12.15354	8.374117	3.572221	1491.999677	4842.34427	22.84349667	19.95425
2010	8598.63	322.206247	18721.22184	21018.86554	5978.78005	0	-1.4885726	9.759996	8.271424	2.658273	1298.700317	3603.437117	22.68954375	19.71460417
2010	6708.06	307.8583039	19121.98011	20738.01803	4784.163772	0.5	-0.2918374	8.309882	8.018044	2.666802	-47.60932145	3614.997733	21.96796583	19.76725
2010	11439.08	401.7742196	19255.66093	21232.88904	9060.077671	0	-2.0684643	10.36993	8.301465	3.575023	2412.197031	4846.142558	23.28489104	19.6346875
2010	11954.01	445.9328922	19245.35588	21490.10302	9263.329971	23.5	-0.7714933	9.288978	8.517485	4.244832	2783.926965	5754.105102	24.26559708	20.32720833
2010	8628.48	256.9076495	19225.95171	21127.98051	6469.543548	0	-0.4144018	8.559381	8.144979	2.840975	1061.292622	3851.09955	22.96790917	20.366375
2010	11147.3	481.6087695	19341.13836	21445.4908	8561.338791	0	-1.9106049	10.33263	8.422026	3.431246	2315.41357	4651.244621	24.19611708	20.70597917
2010	2549.39	81.70325547	19880.10914	20825.41855	1522.377337	56	2.1342837	5.736201	7.870485	0.799865	125.073615	1084.262013	22.18503229	20.5685
2010	1082.95	57.09177619	20518.31228	20930.63356	613.5369477	123.5	4.729778	3.190059	7.919837	0.352571	-1063.8621	477.9290931	22.52440896	21.70710417
2010	5258.67	159.7930623	20702.85501	21689.11376	4112.618185	7.5	-0.1507821	8.807407	8.656625	2.748431	-1262.180053	3725.650919	25.45808063	22.45997917
2010	3231.55	74.52826156	20360.39041	21698.80985	1818.602304	0	2.9766048	5.699093	8.675698	1.861991	-1023.249437	2524.032591	25.57152563	22.36989583
2010	7644.72	245.0009966	20197.16827	21883.52053	5713.366746	10.5	-1.5539614	10.33982	8.785854	3.078561	665.8786278	4173.160033	26.03707167	22.27341667
2010	4048.35	99.20756205	20719.66337	21821.82204	2846.983772	0.5	0.7340765	7.998315	8.732392	1.937049	-1271.771274	2625.776898	25.86611271	22.59916667
2010	6281.16	234.9154401	20824.78322	21951.57691	4919.45087	0	-0.4334554	9.270088	8.836632	3.295745	-215.4814343	4467.565404	26.31598917	22.7738125
2010	1021.06	0	20328.15038	21023.3592	325.851183	4	5.5624075	2.393554	7.955961	0.423829	-402.6377086	574.5237545	22.86693958	22.13991667
2010	7135.14	256.7785176	19995.11729	21392.4494	5481.02937	1.5	-0.727538	8.959694	8.232156	2.220491	819.2564163	3009.999213	23.99464813	21.83085417
2010	9432.92	381.9806752	19708.93694	21524.23822	7235.638041	2.5	-3.7018234	12.10496	8.403135	3.578533	895.4968529	4850.900843	24.70834667	22.129
2010	6524.17	242.7074235	20093.03445	21243.59703	5130.899997	13	-0.2239352	8.360503	8.136567	3.499981	39.47672134	4744.418521	23.68399479	21.85672917
2010	10468.89	402.4347524	19632.04147	21660.04087	8038.455847	0	-0.1805539	8.666037	8.485483	4.416946	1345.122282	5987.415694	25.10443167	22.07339583
2010	11651.46	398.3337008	19583.84159	21605.6822	9231.285688	0	-3.2148428	11.61283	8.397986	3.232479	2363.986532	4381.805193	24.68719188	21.951375
2010	7196.91	237.8894696	20542.74625	21777.99736	5723.769422	0	0.6035389	7.998814	8.602353	2.979553	818.0006422	4038.949303	25.43417438	22.35116667
2010	3313.7	51.25885204	20438.20856	21618.34892	2082.300791	0	2.7635132	5.716784	8.480298	1.2543	148.7925254	1700.273748	24.88598563	22.42797917
2010	5479.81	151.5474959	20511.20034	21784.50048	4054.962355	0	0.7406512	7.912176	8.652827	1.804255	338.1634798	2445.767983	25.49562021	22.34991667
2010	5976.16	206.3926025	20960.2381	22050.77775	4679.227753	0	1.765682	7.193633	8.959315	2.494108	365.5934024	3380.902385	26.63333	22.953875
2010	4702.44	69.8374346	21008.35559	21893.86356	3747.094586	26	4.391529	4.316016	8.707545	2.240356	-88.15463085	3036.926347	25.76807958	23.22889583
2010	7277.94	139.1262822	19901.87839	21660.03956	5380.652549	0	-0.4568129	8.969121	8.512309	3.451707	644.3730433	4678.980141	25.11650063	22.7771875
2010	6719.49	209.8723028	20744.48153	21851.13588	5402.963352	4	-0.1100431	8.727128	8.617084	1.959428	785.8153826	2656.113539	25.65532771	22.651
2010	8316.73	264.7079136	21189.90565	22196.57263	7045.355109	14.5	-0.5078759	9.439913	8.932037	3.226965	794.3135728	4374.330163	27.03701042	23.48158333
2010	5446.77	174.790271	21128.31907	21943.85538	4456.443417	4.5	1.3750649	7.347285	8.72235	2.156285	147.0390781	2922.964699	26.33070771	23.8445
2010	2531.79	67.36020992	20770.88023	21385.05363	1850.256386	52	2.7533813	5.361956	8.115337	0.910661	163.4113912	1234.45148	24.02041208	23.56716667
2010	10175.66	292.7490097	19553.65064	21717.52192	7719.039704	0	-0.7253035	9.145626	8.420322	4.636937	545.681354	6285.625299	25.36562854	23.10716667
2010	12177.9	384.0382669	19714.5251	21892.83472	9615.552118	0	0.1188129	8.411995	8.530808	4.431741	1779.511939	6007.470616	25.93558979	22.91639583
2010	4303.44	106.1370168	20647.1076	21544.51913	3299.891454	32.5	0.32055	7.86085	8.1814	1.70915	491.6084418	2316.847863	24.65203271	23.13802083
2010	6473.5	126.0942942	20672.56765	21870.37723	5149.596132	0	0.0373617	8.471811	8.509173	3.349662	-131.2588395	4540.653325	26.11082896	23.27239583
2010	1802.67	16.67681257	20193.11059	21004.39389	974.7098803	1	2.1956794	5.472108	7.667787	0.521167	-289.1780424	706.4710907	22.79341625	22.69152083
2010	3506.68	36.32865238	20708.8594	21390.37998	2788.830768	11	2.0281304	5.88722	7.915351	1.114097	-23.97232047	1510.219755	23.92918854	22.17441667
2010	4524.09	134.7645219	20645.12598	21653.49938	3380.952079	32	0.7437662	7.435285	8.179051	1.606646	213.0690334	2177.897902	25.14525583	22.87679167
2010	7330.17	265.962143	20392.50478	21813.95109	5642.761553	41	1.9902594	6.357892	8.348151	3.857986	285.4500931	5229.71475	25.97242214	24.14575
2010	3309.13	112.9497226	19563.21233	21052.7707	1706.621906	0	2.1671881	5.397837	7.565025	1.016472	-207.519047	1377.884454	22.84420232	22.9953125
2010	5558.64	296.8312889	20648.74789	21584.07246	4326.484144	0	2.2411618	5.570974	7.812136	2.747943	-194.8240825	3724.989018	23.90418221	23.2288734
2010	5401.79	288.4553214	20240.467	21576.76289	3777.038791	37	1.0647334	6.854035	7.918768	1.833282	336.1788121	2485.115389	24.39885118	23.08417254
2010	7282.5	264.489794	20369.34555	21953.90371	5433.452051	0	2.0996916	6.174709	8.274401	2.763937	133.1623153	3746.670091	25.91829726	23.24802083
2010	7735.06	204.0950161	20363.95823	21976.49512	5918.428092	0.5	1.483474	6.911018	8.394492	3.685892	363.6848083	4996.43125	26.46223104	23.52616667
2010	9279.21	282.9606014	19705.68492	21949.51065	6752.423675	0	0.4365696	7.935974	8.372544	4.876042	844.6876472	6609.746296	26.41180396	23.44654167
2010	10159.29	339.0737246	20120.48044	22006.7313	7933.965418	0.5	0.4464644	7.941729	8.388193	3.751078	1484.386943	5084.794941	26.51982458	23.47989583
2010	4011.32	132.3694349	20895.7564	21560.27034	3214.436617	86	2.3697253	5.593579	7.963304	1.326665	-96.04254154	1798.368378	24.78736604	23.8085625
2010	4051.54	44.2457583	20201.06239	21163.96459	3044.392041	3.5	1.3797523	6.119562	7.499315	1.234517	-47.28479615	1673.456226	22.87544583	23.02910417
2010	2035.16	52.56360467	19724.05713	20302.93874	1403.714791	54.5	3.3227155	3.482756	6.805471	0.500979	236.7660355	679.1055082	19.97393604	21.3170625
2010	3497.78	63.9245679	20231.57264	20915.59008	2749.837986	17.5	3.1959174	4.161625	7.357543	1.208739	96.59495367	1638.512385	22.35074667	21.35685417
2010	9298.35	293.7074873	20177.04804	21610.29009	7571.400468	7.5	-1.0849914	9.080298	7.995307	3.287695	1319.608139	4456.653765	25.08129083	22.43889583
2010	2673.99	79.79883711	20300.62034	21253.63833	1641.173174	5.5	3.3691644	4.402054	7.771219	1.033496	-721.6239609	1400.96125	24.18114146	22.55585417
2010	1249.24	14.83299209	20486.37394	20976.22667	744.5542706	82	4.7500654	2.627857	7.377922	0.446323	-45.22117426	605.0153663	22.55534563	22.20585417
2010	9675.95	290.7635465	19478.14875	21345.32339	7518.011815	0.5	-0.9746223	8.727842	7.75322	4.600979	1163.571693	6236.882689	24.17956104	22.22485417
2010	5163.49	97.6298575	19468.75608	21124.23137	3410.384849	0.5	0.1963946	7.274533	7.470927	1.754434	437.5343702	2378.232833	23.02184542	21.89864583
2010	8654.5	163.5534751	20609.89535	21682.79842	7418.043455	5.5	0.2480876	7.736024	7.984112	3.625667	684.4979479	4914.792881	25.26802396	22.5718125
2010	2340.36	107.6653065	20128.40743	20830.04347	1531.058647	33.5	3.6870367	3.597279	7.284315	0.92065	134.8264889	1247.992852	22.36256875	22.36475
2010	4530.01	81.68975947	19790.02173	21253.5996	2984.742377	1	1.5665729	6.015304	7.581877	1.712401	-113.9786694	2321.254664	23.69444729	22.23320833
2010	8833.17	291.5171008	19381.16076	21564.0637	6358.749956	0	-0.3682761	8.243192	7.874916	3.946047	740.4647238	5349.085424	25.009905	22.5973125
2010	6240.59	188.7184712	19916.81226	21330.7821	4637.901687	27.5	0.4264646	7.158858	7.585323	2.181911	1131.366404	2957.701432	23.84109021	22.74997917
2010	7927.48	189.7533237	19555.40998	21276.73541	6016.401245	0	-0.450277	8.039865	7.589588	3.023897	942.6864634	4099.060483	23.58560896	22.445875
2010	12330.96	534.3055938	18079.58962	21270.24746	8605.996569	0	0.8986378	6.922666	7.821304	4.553717	908.8592831	6172.816389	24.28905333	22.07822917
2010	5537	92.97297821	18663.41886	20421.24929	3686.196591	0	-0.779263	7.847393	7.06813	3.384384	-534.0806366	4587.720691	20.86349583	20.49175
2010	2027.87	26.60762925	19576.08847	20165.64119	1411.709649	85.5	3.3315584	3.464763	6.796321	1.00777	47.51603851	1366.088169	19.48052604	20.07060417
2010	609.53	48.54040182	20429.58118	21004.04477	-13.47399092	117.5	7.4936089	0.248707	7.742316	0.074256	-608.3815319	100.6576093	23.16808604	21.89670833
2010	2476.96	36.40883472	20347.58659	20969.27061	1818.867138	72	5.4048633	2.173121	7.577984	1.016286	-105.8017556	1377.632397	22.65816104	21.89714583
2010	4245.92	109.3567091	19456.72918	20484.37267	3108.919804	11	1.5052639	5.58969	7.094954	1.425629	215.1896482	1932.518846	20.80860896	21.32102083
2010	8385.84	246.8714688	18689.51586	20803.70334	6024.781053	0	-0.9944608	8.35878	7.36432	3.959332	992.8844081	5367.093989	22.09466083	21.12366667
2010	8367.58	244.0962987	18080.52332	20660.33698	5543.670041	0	-1.0148828	8.209615	7.194732	3.540162	1266.27769	4798.885918	21.54083729	20.82902083
2010	11837.65	403.3671051	16733.44678	20510.36824	7657.361435	0	-0.3610647	7.492336	7.131272	4.672556	1692.02077	6333.909285	21.41499958	19.87525
2010	11436.06	385.0769316	16940.80288	20617.29089	7374.495056	0	0.8716085	6.353544	7.225152	3.89102	1538.134876	5274.493608	21.66955042	19.67991667
2010	8697.51	300.5992784	18019.83376	20649.06908	5767.675398	0	-1.5621935	8.813188	7.250994	3.437358	1282.569759	4659.529749	21.64479875	20.07947917
2010	10356.89	425.3603038	18014.20224	20834.48109	7111.250846	0	-0.4997359	7.977869	7.478133	3.89706	1400.734752	5282.681785	22.45299313	20.45408333
2010	939.53	27.9084057	19080.11298	19862.95605	128.7785214	15.5	4.0971059	2.476576	6.573682	0.160114	11.94811967	217.042855	18.53380438	19.57579167
2010	6765.9	221.0999717	19232.36737	20321.31798	5455.849419	14.5	0.1967571	6.794443	6.9912	2.814874	809.2039897	3815.717664	20.13787021	19.43083333
2010	703.91	44.06783884	19752.75881	20305.41464	107.1863264	51	4.4197321	2.583057	7.00279	0.16983	-495.6647523	230.2138764	20.06849792	20.20925
2010	3919.73	109.5287975	17628.20108	19173.48659	2264.915693	0	-0.412908	6.378021	5.965113	1.746927	-82.72368999	2368.056884	15.60452729	18.44008333
2010	10640.92	457.9028955	14572.71	18840.46147	5915.265633	0	-3.1316896	8.909131	5.777441	3.66101	2545.332357	4962.701975	14.64580208	16.55754167
2010	11051.41	446.5744521	14829.69654	18873.49726	6561.034831	0	-1.3069253	7.114552	5.807627	3.15553	2495.10027	4277.496541	14.64255196	15.62310417
2010	9442.13	345.5380508	15196.88588	19051.82063	5241.6572	0	-1.8134352	7.832155	6.01872	2.89497	1665.144733	3924.292403	15.4584025	15.73285417
2010	8278.82	251.7025938	15752.88686	19190.54425	4589.460014	0	-3.2320075	9.177331	5.945324	2.668173	2043.378935	3616.856111	15.25451375	15.71470833
2010	5666.03	302.5656531	16935.1068	19274.75104	3023.820107	0.5	-0.4168636	6.427884	6.01102	2.098185	653.1638935	2844.205764	15.64445646	15.77660417
2010	11446.14	542.012377	14372.33246	18725.87975	6550.580331	0	-2.6878462	8.454626	5.76678	4.815836	4718.27721	6528.132818	14.71397798	15.35629167
2010	5557.13	186.1181326	14115.11777	17744.38614	1741.743498	0	-4.36804	8.979978	4.611938	1.655472	1009.744247	2244.083628	9.729196063	13.09954167
2010	10521.02	457.5509142	13614.55487	18081.4518	5596.57215	0	-3.8392504	8.817796	4.978546	2.928565	2682.606176	3969.833164	11.39051775	12.7365625
2010	6903.3	244.7049924	14571.52498	18458.93534	2771.184649	0	-2.7275648	8.00571	5.278145	2.046455	946.6467822	2774.083263	12.85560208	13.31795833
2010	2537.42	49.37485902	16724.81548	18606.86808	605.9925466	14.5	1.4139522	3.973051	5.387003	0.775005	-139.7119132	1050.56194	13.4732834	13.71610417
2010	6106.55	255.5483928	17570.81422	19359.92698	4061.888852	10	-0.8235605	6.882878	6.059317	2.400874	-407.1746674	3254.517912	16.52398646	15.42933333
2010	3640.33	131.6047641	16941.81835	18407.86636	2042.677229	2.5	-0.8071596	5.937336	5.130176	1.896059	-137.3634073	2570.213711	12.5687725	14.512125
2010	8159.29	349.3885364	15150.70449	18512.45471	4448.151238	0	-2.5754697	7.79741	5.22194	2.216494	1301.718968	3004.580402	13.03893496	13.97595833
2010	8862.08	385.1345038	14622.82104	18574.72428	4525.042262	0	-2.5259358	7.79434	5.268405	2.162864	1688.043154	2931.882419	13.30261904	13.6240625
2010	9351.96	394.8971471	15001.3926	18747.16568	5211.289772	0	-1.6629489	7.069622	5.406673	2.418126	2086.412484	3277.904507	14.01989538	13.89675
2010	6785.49	212.1354647	16483.7857	19286.48951	3770.650721	0	-0.9402024	6.828911	5.888709	2.178207	750.7262723	2952.680174	16.31194479	14.626
2010	8908.68	344.9017206	15799.66001	19428.12636	4935.311927	0	-0.4713663	6.514404	6.043038	2.808461	1377.919267	3807.024464	17.10528292	15.3163125
2010	8568	377.487917	15223.99877	19169.26404	4245.246814	0	-2.8859786	8.65206	5.766081	2.667634	2025.031751	3616.126577	15.98622813	15.13145833
2010	3659.21	100.3848195	17163.4726	19219.10038	1503.197404	0	0.562808	5.094839	5.657647	0.813633	647.7594612	1102.925095	15.63978104	15.333625
2010	4745.04	211.2797694	16228.20623	19001.22776	1760.738706	0	-1.1025118	6.601514	5.499002	1.356283	571.8813101	1838.517201	15.02594244	15.53420833
2010	3297.31	70.51899604	16073.95356	18547.04351	753.7010525	0	0.4735388	4.555063	5.028602	0.832004	152.9405961	1127.828163	12.98334723	14.22153125
2010	7037.6	280.5621788	15863.27796	18720.34003	3899.975745	2.5	-3.3201275	8.518727	5.1986	2.25269	1607.212568	3053.646526	13.86203171	14.22466667
2010	9006.76	466.0790814	13317.99335	17810.20393	4048.470343	0.5	-2.6563423	7.12934	4.472997	2.961226	1320.331337	4014.106387	10.54467123	12.68691667
2010	7486.31	380.1791504	14605.9172	18323.46618	3388.581864	0	-1.4812328	6.35522	4.873987	2.176215	1187.40053	2949.980985	12.46176177	12.3056875
2010	7370.18	279.5181165	14612.89534	18403.99982	3299.557404	0	-1.7768084	6.687369	4.910561	1.802678	1072.359356	2443.630639	12.78581892	12.968375
2010	7841.12	333.9580835	13594.70615	17851.028	3250.840066	0	-1.6428472	6.092327	4.44948	1.233466	1331.681964	1672.031926	10.61446454	11.53160417
2010	5924.51	196.9051969	15107.43893	18438.90292	2396.140808	0	-1.3860758	6.279428	4.893352	1.41309	1151.543457	1915.522303	12.8507421	12.11854167
2010	4785.67	163.2066477	15197.84234	18418.78876	1401.516928	0	-1.1428347	5.959365	4.81653	1.074194	723.4863837	1456.129449	12.60199142	12.81704167
2010	7753.58	325.8335512	14779.83476	18610.81915	3596.762059	0	-1.3075807	6.328044	5.020464	1.693311	1482.991299	2295.37659	13.62257885	12.79416667
2010	8685.83	348.4296883	14671.6795	18664.30119	4344.77863	0	-1.3447678	6.409063	5.064296	1.845197	2233.513891	2501.26762	13.93523517	13.1099375
2010	5466.2	172.3142635	14707.40917	18388.57567	1612.719243	0	-1.1466586	5.891179	4.74452	1.142181	806.0035761	1548.290239	12.49452752	12.62760417
2010	6833.07	254.9124699	15247.90827	18790.22825	3035.83755	0	0.0592567	5.020843	5.0801	1.102095	1194.815262	1493.950323	14.20898396	13.249
2010	7592.02	421.2263446	13520.96639	17701.75593	2990.004116	0	-2.0115611	6.175779	4.164218	1.533184	1626.52647	2078.316594	9.841930021	11.93015208
2010	8785.19	529.9280048	10694.29238	16158.12972	2791.424655	0	-2.8660551	5.7134	2.847345	1.076192	2032.176592	1458.838303	2.967685142	8.134620833
2010	5485.56	245.1747424	12010.89668	16192.64645	1058.635483	0	-1.9731969	4.853707	2.88051	0.636125	1759.857017	862.3032559	3.106456502	6.802322917
2010	8077.47	445.8293022	11478.91846	16332.88037	2777.678789	0	-1.7414431	4.975686	3.234243	0.714287	2458.571352	968.2555554	5.280013786	6.792839583
2010	8293.26	415.8806344	12146.86955	16984.82988	3039.419035	0	-0.6840724	4.597977	3.913905	0.856386	2442.164079	1160.879119	8.998742498	7.239872917
2010	7982.69	406.2998355	13155.60242	17443.17189	3288.820696	0	-0.0772194	4.184549	4.10733	1.043603	2086.084867	1414.662483	10.12559744	8.255845833
2010	5171.2	198.1274369	13991.86426	17556.60037	1408.336458	0	-0.6907593	4.625734	3.934975	0.900443	849.5082442	1220.600758	9.254416771	8.913660417
2010	7324.99	431.2516245	12901.13113	17636.92099	2157.948516	0	-1.9812669	6.025622	4.044355	1.579324	1222.890332	2140.860897	9.859007208	9.076445833
2010	7910.56	542.2151258	11094.28958	16540.16045	1922.474008	0	-2.7860938	5.8837	3.097606	1.394728	1514.847875	1890.631298	4.914104438	7.817825
2010	7585.55	459.2034421	11887.86997	16307.71852	2706.498016	0	-1.3356239	4.216653	2.881029	0.914494	2453.161764	1239.646968	3.466305458	6.27036875
2010	4461.73	225.3462458	13541.43146	17210.44963	567.3655812	0	-0.4279246	4.025709	3.597785	0.645125	496.1310788	874.5029787	7.707736917	7.807425
2010	4073.29	215.6190351	13629.92381	17170.36943	317.2253406	0	-0.4497411	3.954656	3.504915	0.446128	679.7057523	604.7514832	7.248326333	8.295914583
2010	3041.22	131.4287232	15149.70652	17791.68178	267.8160223	0	0.2034376	3.788842	3.99228	0.435388	398.1599496	590.1922628	9.909355458	9.332629167
2010	2669.04	92.50943811	15364.69049	17728.812	212.4090547	0.5	-0.1430856	4.047836	3.904751	0.314365	702.7005291	426.1392852	9.527544604	9.922177083
2010	2534.19	148.9491274	14893.04144	17049.15221	229.1301064	3.5	-0.3605533	3.772618	3.412065	1.273092	-982.6531432	1725.746347	6.878461125	9.305
2010	7473.35	573.0070488	11124.0917	15860.94046	2163.494196	0	-2.6055295	5.100362	2.494832	1.044687	2994.751356	1416.131176	1.646346	6.5369375
2010	7390.6	469.648981	10901.89526	15733.67406	2089.172219	0	-1.554629	3.972308	2.417679	0.610185	3179.997203	827.1398897	1.004822104	5.309352083
2010	4304.54	241.2744477	13814.9013	16915.09388	963.072967	0.5	-0.5554283	3.906261	3.350833	0.533264	669.1331783	722.8691623	6.408068625	6.177060417
2010	7316.04	525.3053578	13059.18834	17186.52405	2663.398936	0.5	-2.2392619	5.779717	3.540455	1.633221	2568.957246	2213.921866	7.695127563	7.919139583
2010	6371.32	370.6233453	13595.97655	17407.733	2188.940205	0	-0.4927221	4.202024	3.709302	1.079859	1483.974063	1463.809469	8.468508542	7.441347917
2010	5677.61	358.1512321	13262.99516	16910.24552	1672.208415	0	-2.8353078	6.076661	3.241353	1.107864	1436.717196	1501.770834	6.124376854	7.82829375
2010	6830.43	484.8795896	10474.08847	15671.71043	1147.928455	0	-2.5091357	4.807712	2.298576	0.730068	2332.704929	989.6477736	0.530370813	5.610514583
2010	5119.69	316.1885345	11716.57407	15712.39904	807.6765004	0	0.0470054	2.268532	2.315538	0.329659	1741.15941	446.8708506	0.458698542	4.471629167
2010	3958.26	182.8055845	13463.85093	16424.33446	814.9708887	0	-0.4684708	3.254022	2.785551	0.402732	1030.319746	545.9257566	3.533058	5.658908333
2010	5810.87	341.3562314	11835.95911	16286.4744	1018.998476	0	-1.5148411	4.285444	2.770603	0.792158	1697.485064	1073.813872	3.339923708	5.4537
2010	3168.68	109.9168072	12296.33275	16114.82193	-759.7259853	0	0.1154756	2.47659	2.592066	0.314321	367.1293431	426.079709	2.406086292	5.339185417
2010	3180.21	100.5942077	13431.09631	16616.51036	-105.7982553	0	-0.1291726	3.089666	2.960493	0.391915	650.6138098	531.2619039	4.652226063	5.64523125
2010	4628.51	257.8323026	13946.61203	17369.79307	947.4966574	0	-0.0048902	3.576814	3.571924	0.443435	652.8316934	601.1013804	8.226606938	6.673964583
2010	6263.47	443.7903333	12853.89873	17043.46333	1630.11507	0.5	-1.0387919	4.354321	3.315529	0.912456	1199.216955	1236.885122	6.980558229	7.640747917
2010	6231.82	376.0861238	11566.3975	16211.10501	1211.026359	0	-0.8476249	3.516121	2.668496	0.542112	1927.171519	734.8623096	3.097544958	5.389314583
2010	3343.36	147.0347878	12532.67408	16279.20971	-550.2104251	0	-0.6707146	3.320839	2.650124	0.434437	600.1613523	588.9033293	3.255169667	5.55015
2010	5425.64	373.9423677	11554.25668	15908.99291	696.961406	0	-1.841419	4.223482	2.382063	0.67614	1501.448987	916.5458711	1.699241333	5.024039583
2010	6245.85	418.6443035	10024.84244	15084.7584	767.2897269	0	-1.495818	3.284765	1.788947	0.29248	2817.852268	396.4732055	-2.4221675	3.1553
2010	2283.56	127.2807237	12700.17546	15575.25315	-718.7984155	0.5	-0.1396892	2.218859	2.07917	0.299365	-26.90307027	405.8058114	-0.248002792	3.13475625
2010	5777.92	436.6692075	10853.90056	15006.22027	1188.931083	0	-0.5157674	2.193393	1.677626	0.404582	2586.443629	548.4336839	-3.082749792	2.218427083
2010	5804.36	370.6413342	11819.7399	15663.90995	1589.548617	2	-0.1689836	2.300934	2.13195	0.75406	1067.122002	1022.170268	0.165462104	2.959583333
2010	3087.16	136.1639761	13825.88738	16580.58819	196.2952148	0	-0.43744	3.291086	2.853646	0.489619	350.1217614	663.7058358	4.644961021	4.180639583
2010	1837.67	38.15797026	13725.81897	16396.60425	-871.2732527	0	0.1137497	2.550185	2.663934	0.251464	357.8364337	340.8728946	3.420895958	4.706333333
2010	1951.82	23.39390182	15114.13763	17059.43231	-16.86857502	1.5	1.1913957	2.047865	3.239261	0.204698	113.6965594	277.4801875	6.620994771	5.403683333
2010	5543.92	461.8758717	11151.78408	15622.30691	611.5212944	0	-0.4528072	2.648766	2.195959	0.620519	1075.18969	841.1480608	0.194053646	4.878645833
2010	1823.82	48.97640653	12718.99026	15370.25337	-876.4195182	0	0.6010529	1.348465	1.949518	0.16508	583.58742	223.7753344	-1.644180229	2.712089583
2010	1353.68	9.506080977	15373.09055	16942.51053	-225.2460599	0	1.1293636	1.972653	3.102016	0.076865	375.3077629	104.1946043	5.705240833	4.779352083
2010	4054.08	285.9180933	12696.08152	16434.9918	29.25162067	0	-1.386936	4.164726	2.77779	0.646188	724.5277785	875.9439428	3.736185292	5.641589583
2010	5359.69	365.7230293	10173.33506	14995.20635	172.0956812	0	-1.4300893	3.162542	1.732452	0.356643	2413.598225	483.4499426	-3.039183396	2.735758333
2010	1770.98	87.47381401	13556.75683	15388.85559	-148.5925756	0	0.5969948	1.32806	1.925055	0.122761	395.1030955	166.4091565	-1.543122208	2.57361875
2010	5781.42	733.3310809	9794.133971	14685.5983	156.6245909	0.5	-0.5650192	2.159904	1.594885	1.149381	-101.0213677	1558.04972	-4.00986175	2.33248125
2010	2807.1	208.7183343	12631.45272	15431.23946	-201.405069	5.5	0.4900739	1.610278	2.100352	0.590188	213.2504062	800.0319474	-0.571360208	1.845808333
2010	5868.45	530.6903907	10092.72335	14979.21075	451.2722099	0	0.1297348	1.577674	1.707409	0.540617	2075.954563	732.8363998	-2.993758271	2.17744375
2010	4385.71	262.869049	10415.31863	14617.1684	-79.00882366	0	-0.5266479	1.961492	1.434845	0.167308	1505.355326	226.7953374	-5.170870083	0.799160208
2010	1348.86	2.99960976	13318.6543	15721.6609	-1057.146211	0	0.833157	1.261242	2.094399	0.052122	313.1640865	70.65383963	0.263602583	0.978310625
2010	5368.97	478.6256826	10310.30652	14850.06075	350.5900878	0	-0.0579524	1.615496	1.557544	0.271458	2396.516182	367.9766417	-3.661968583	1.298909583
2010	5581.98	488.7777744	8119.629187	13424.88037	-212.048954	0	-1.3102293	2.028169	0.71794	0.16476	1508.355016	223.3407851	-11.20952083	-0.000165833
2010	4983.55	372.7127712	9157.831798	13472.03561	296.6334171	0	-1.2813626	2.033753	0.75239	0.181618	2783.060743	246.1936922	-11.30933542	-1.086142917
2010	2020.71	260.2737664	12559.81499	14780.78514	-460.5339151	0.5	0.4414136	1.017955	1.459369	0.275796	65.07899657	373.8570733	-4.36732	-0.716471458
2010	4879.87	427.5752544	10487.89274	14784.14465	156.0428334	0	0.0451551	1.522496	1.567651	0.358966	1026.557849	486.5987651	-3.794691896	-0.557097708
2010	1515.31	26.28325232	14106.27872	16170.94717	-575.6416993	0.5	2.3467742	0.093248	2.440022	0.044158	32.56531912	59.85859866	2.636049229	-0.13916125
2010	4241.61	284.206018	12158.65697	16052.99729	63.06366757	0	-0.1262443	2.514694	2.38845	0.242432	733.9872442	328.6300931	2.330088458	0.229017292
2010	4850.23	332.0872408	12096.40192	16174.88856	439.6561227	0	0.3252675	2.165229	2.490497	0.263822	1304.356117	357.6258371	2.901809333	1.00110125
2010	4660.95	324.1147339	11524.99933	15894.263	-32.42840664	0	0.0515955	2.248691	2.300287	0.271543	1315.037481	368.0920861	1.691060625	1.808745833
2010	2370.46	114.6014331	11545.77556	15271.82973	-1470.195603	0	-0.7165926	2.528171	1.811579	0.172327	516.541881	233.5982981	-1.739284604	1.661138542
2010	5610.67	523.7324759	7834.000917	13161.6619	-240.7234609	0	-1.3495169	1.942089	0.592572	0.28457	2512.407408	385.7509051	-12.72375563	0.01185125
2010	5659.11	532.2794298	8002.835324	13142.52129	-12.85539261	0	-1.3471636	1.968025	0.620861	0.150277	2317.755262	203.7083014	-12.59706729	-1.373215417
2010	4827.89	389.3874814	8685.067566	13279.33351	-155.7634211	0	-1.1786751	1.875821	0.697146	0.160436	2211.644209	217.4793702	-12.02241833	-2.107554167
2010	2952.82	189.8022586	11404.64043	14037.84025	129.8179211	0	-0.0324092	1.095196	1.062786	0.247655	852.2126718	335.7095326	-8.107607292	-1.9524375
2010	1794.97	250.1514717	12766.44895	14908.17973	-596.9122507	0	-0.3926895	1.95468	1.561991	0.511734	-1003.897019	693.6840638	-3.46948	-0.955821875
2010	5410.23	702.9709994	10024.10959	13940.8954	790.4731881	0	-0.9564364	2.009994	1.053558	0.869206	879.7466928	1178.2564	-7.967364583	-1.020423333
2010	4470.06	745.4236205	12039.5179	14182.26292	1581.891358	0	-0.2601661	1.419403	1.159237	0.529931	-119.0833359	718.3514738	-6.837026875	-0.830845417
2010	5499.9	648.7908211	8928.710461	13268.42042	511.3992231	0	-2.1555741	2.874286	0.718712	0.531584	1467.518648	720.5909671	-11.48038438	-1.2285875
